FP16,30.753036013759978,59.57254083281494,93.04135025290432,118.26044934399305,129.58047723814045,132.9531921988885,134.44000307968798,152.8852200051629,184.43707619726771,192.71049881403218,

awq,47.11524658238968,66.08672304533673,86.22369892984678,98.34241480123406,104.43695102690144,107.52583468735392,128.7858255680295,158.16288515020352,157.95551502400167,158.9671487726129,

QUIK int4,25.287202146269873,47.760237800058135,88.50609849203347,141.95523612241115,174.73839602384353,188.26830353289506,196.33190709544576,202.5451005305092,205.79368888638066,223.803144858471,

int4,45.55065058402008,90.99589031478101,179.73020516158482,341.6948124771219,383.6838614062812,401.34746097162713,408.98425863418413,415.9090342551415,419.47700458648353,425.1971379850927,

mixq_int4,25.82818790710602,54.238881140170314,103.4489172401332,193.70805389100832,243.26778159789657,270.6317832207187,296.13139091641347,309.8631223738164,376.1400147082978,441.86269880630175,

FP16,32.28904636786771,63.172301880187895,105.03966657927539,127.403831662553,133.3528877095532,135.37582130977424,141.98086153210573,150.58246380365966,208.37925891100622,207.85146033125244,

awq,44.181572524452285,59.518062952311766,68.5144764459093,73.64170082808918,78.62354518748255,97.82844568542932,126.001317126561,125.40774761598811,125.18096286485867,126.2119598653335,

QUIK int4,27.78322617811735,52.74173339505555,99.51056655064521,163.39746261978823,200.6076140677814,214.19909963080408,222.44655806304607,229.16688941035247,245.17579602361238,287.21880072655443,

int4,48.88922158009235,97.45130326954936,188.47981019505517,367.1913162597924,409.2270152875725,428.4176518313872,437.11914704013424,441.96470360488917,444.8564166357908,450.2016793299585,

mixq_int4,30.670280612448035,62.126178912354646,117.54595069046,225.28068676352314,276.1829402743665,301.0575118844308,317.4997511069921,324.49776677345034,427.20825987297764,469.6693645972075,

FP16,33.27967520295342,67.25089841527871,112.82896596007102,131.22372521915446,142.76294898685128,134.88821233746356,182.30952012987663,217.31244244821266,211.6429118337854,226.86475668192875,

awq,32.04694346315385,37.89120639760796,41.917889036029216,44.377908046874076,45.942318480150796,73.06866973971444,75.39644256063902,75.86923208955265,75.94631310630145,76.27682876910835,

QUIK int4,30.081358530333855,58.08963504322785,111.02504000844931,189.32490890964195,225.4093263769605,237.34177544552355,284.07071111644944,280.9764505116173,279.3843429448364,305.57087164019447,

int4,48.798212959477866,97.81492545411909,194.77588929569993,385.0811587399216,390.9497187690079,401.0873368259992,530.8573668588107,504.9241692683043,488.26805657098834,543.5500681289265,

mixq_int4,34.62989814630497,64.02442355636983,127.12636514969957,245.80290669059215,292.99743117199574,419.0768051317787,523.6012849027817,466.0334557414455,478.60007711021825,572.6565029565859,

