FP16,30.58856522621643,60.05016755492544,92.603121083528,118.81880858750652,129.27760161085988,132.30547455116903,134.18552300014713,152.8146633033602,151.73846197789882,151.00211414124618,

EETQ,41.27168790529112,52.180941760927766,103.42686341224798,117.75137449332101,125.0941901073373,127.85995984513367,130.29498039791363,136.27899513124092,188.7719999602881,139.9870614421092,

FP16,30.989341566784073,61.39802970395688,95.44077862548679,119.1450795314325,129.68063597727087,132.96724198751897,134.47412622180232,143.00226106228357,173.97133859589653,204.51082338698214,

EETQ,41.35850775216409,52.08159046870923,103.02883945854242,117.67979328731856,125.01961571029919,127.86645640351007,130.30678660713437,136.3144278222397,133.31591874622598,143.80779161105784,

bnb,5.247952993874147,17.405195378865994,31.22465625982992,55.24879061077424,82.8163687833992,95.43836390197642,115.90210483620693,123.24950812510019,131.06403505155635,198.29466500035718,

mixq_int8,23.19078116656988,46.18652315703836,89.82300616841128,177.6337960343281,207.92482671524724,215.48388372890057,228.33020640070472,299.7537254889849,362.9369887976925,363.18987659812086,

FP16,30.964938099778113,61.46401041583455,95.44801805054072,119.28061264529761,129.6271988457708,132.9297831171127,134.4705335679483,153.16995668583664,185.32671634358596,205.83436481554938,

EETQ,46.206344648132024,60.015797514825564,119.12252279232968,117.72934025213203,125.15329088221505,127.85346482907738,130.29160727970458,167.7967693123617,192.4900167265238,144.48274712765246,

bnb,8.615128414832277,17.438966571685434,31.251799303855115,54.733300068695605,82.89411393986533,100.15849735611889,111.71033030647493,141.7968649188045,148.19844025619375,128.37249959369848,

mixq_int8,22.915937400094162,45.55900107734762,88.61244619268071,175.86372276407303,205.11141075931442,215.66585574570104,231.8983283724681,283.5553858398955,345.4619564537661,364.1675069564905,

FP16,32.2361045380406,63.26377502955976,106.83039929929954,127.33678916139495,132.93306112121428,135.37582187495835,145.24051380382917,147.95071237041404,214.2282747665638,215.51248075143383,

EETQ,44.1022874873122,54.53380349272168,108.60820264194763,120.9802332437671,127.16691999685935,129.6245240596665,131.6920502931345,161.67423665938045,201.44692162609917,143.11530299342112,

bnb,10.841954323649846,21.61774639988281,36.0054940711718,62.95485120635896,91.51874295304114,108.82487170287341,141.11782533297375,173.40242091994713,201.90592667721046,220.1503256674472,

mixq_int8,24.77858435808559,49.05867348775804,94.62846039771972,187.18025659474333,215.1725128807428,242.20575665189577,344.01923300377535,394.1990335007144,382.5191587286286,372.44733178889993,

FP16,33.07602073617916,67.65443020293895,114.66739570458866,133.70004135799482,143.02095761251576,134.9967508234526,182.7961776931602,218.7313069718171,213.240784446911,237.61574507003598,

EETQ,41.38026845713704,49.10672902216971,90.98273219874449,130.63518939118217,136.1720711300666,150.98105560568592,206.32629035482313,183.38481136187562,177.10188766978752,199.61113349773638,

bnb,14.635104877852475,27.529627949208884,44.98588534325779,69.10232801397407,108.07833441149236,120.30012534090211,130.49902782661948,177.77596953655177,225.11896404581478,234.71859787603142,

mixq_int8,25.619272239477834,50.948893803457814,99.9775996606519,183.47385191861972,215.60699781898336,269.8259585536445,408.0865493591771,375.35083836991146,379.5644666678751,430.6619266320123,

