FP16,55.97878758929695,107.57383668657728,137.3343006305129,153.83943819216643,186.52865378950875,194.5673305195051,192.38750156587284,193.4394222228292,196.58208393913654,203.31091004132233,

EETQ,57.47721506601593,114.11001987424278,118.04134015872627,131.78238899009577,147.6838739622411,177.32869669612637,178.45444164394968,189.28432122314533,139.21893824277078,142.9731635416042,

torch_int8,44.25304861187925,84.936458614242,154.80468660182373,177.27716941690863,182.7871052325315,225.8214426869995,291.5849702600428,291.51572533782013,294.7615972640795,314.3935004594788,

bnb,17.770717523231276,31.876051597893216,58.61104410003885,93.49155813522074,127.33055902580907,166.14395011415812,177.51163080273088,187.46656361597474,197.61925432745463,217.3666184752179,

mixq_int8,45.65161568201066,98.54458777276083,193.83394119825562,230.53972037978752,331.4299848660632,359.0381283579825,367.78832234810903,373.27172276020286,360.76407636605666,392.9002946948339,

