mixq_int4,30.587449412337662,59.666781057752274,115.32112281701227,226.00424710825953,212.67430213156808,416.64169547657133,639.1154119719472,

mixq_int4,30.710877669260604,59.27522581531393,114.87295335638214,225.68474593834245,247.57903144919166,309.92023073661977,627.233954500925,

mixq_int4,31.313758497492053,61.33983033616351,124.4504851120856,239.95541445250467,223.7521514279535,375.7066685172401,658.3184812157931,

mixq_int4,30.63942022966026,59.4567377065536,113.86391932275218,223.75560549716172,243.65436261418398,418.30137377353475,629.5653094566836,

mixq_int4,31.4143470076793,61.61449406135307,124.93858509657495,239.87250430280685,268.1891190061268,441.07149054387565,670.8113061166317,

mixq_int4,31.295888786450263,59.53049904917212,117.89710098472946,230.51460792026796,258.4272380750762,434.2114300848711,645.9639304257774,

mixq_int4,33.017397939419496,61.563414116050005,124.63607569481223,240.04188075299962,267.1109811007405,442.6514117759887,667.5598456300993,

mixq_int4,33.097297136861776,61.2245085438005,123.57844733891618,235.0768348797377,261.90642026519197,358.33208352382985,607.5705152858943,

mixq_int4,35.08382700271572,59.67755021195134,118.23513967582177,230.55508457117682,258.5304824228436,366.9241493124049,641.3643709284712,

mixq_int4,30.615481840418223,59.48937678407368,114.27208543682562,222.6453837430794,228.58886117722085,372.17953467353465,622.1931837094561,

mixq_int4,34.4030404658418,59.921164858392885,123.86364505832596,238.30301158226612,223.2997874662281,410.9558609748286,654.6437464066983,

mixq_int4,34.79921279557056,58.87094384375001,116.48522506226269,229.22332549429854,248.90421822025297,398.9048079536035,636.0108729297248,

mixq_int4,32.38358562347491,58.58815046979816,117.72872940512472,227.0981990308586,252.15186202324912,393.2226138419906,636.3939715118502,

mixq_int4,32.31423559195328,58.33584444295655,113.62970830192312,224.44436056063668,227.69693205509185,366.48127847779506,612.4815306347926,

mixq_int4,35.067313823617916,59.78174727789384,118.08950138542951,231.0949599792719,258.77417041392016,349.1898840842013,604.2181890420163,

mixq_int4,34.30622107646923,59.17935620371435,113.87780299379314,222.4674242206717,228.11244272522902,308.80535038331703,618.105814712116,

mixq_int4,34.97239417205589,59.352969487376036,117.36589765214673,228.02043803511677,266.08757714359575,392.9066963032763,624.0505410069806,

mixq_int4,32.62183402645346,59.06484472182784,112.42173490290836,221.30745766640953,244.71562334931582,392.3188491686626,607.4719809403928,

mixq_int4,31.431218145378622,59.48328303038821,117.32121386739117,228.1039711966748,254.80364947818137,349.46955099412367,637.0901473581321,

mixq_int4,34.412605971591496,58.657340644213654,111.36634408479078,217.73746482590823,247.02851360629626,393.9600186004321,613.2360629314938,

mixq_int4,30.726918218725146,59.10977832257066,112.69190446890978,221.5458504212761,241.5503637960058,425.77088613304255,624.7414966232001,

mixq_int4,31.30657369115236,59.04051801085169,117.64984164425873,228.6546317075132,256.2709391414439,434.46442647775484,642.7242684728097,

mixq_int4,31.365057965192715,58.52328182878912,117.29539171133689,227.95417336882528,264.6381913165662,408.6962112850302,640.6576963660821,

mixq_int4,31.494855134425546,60.68221308399726,121.79680058403656,230.54041818461948,260.1718204759118,441.76618191692256,660.1220588071343,

mixq_int4,30.439787786544418,59.034824218803706,111.49490233560995,220.38767684339808,248.77760263327642,384.4303324668034,590.7352441747098,

mixq_int4,32.608871368150105,58.99561254033408,112.93197510796685,221.93742701108076,241.88975729878717,331.0569630477081,599.9332292200498,

mixq_int4,35.105959358077754,59.45587943350239,117.22754817386925,228.21946793883015,264.4572349456674,380.42734879389116,615.8929410953654,

mixq_int4,30.43393868720702,59.0198255871689,112.67943063440849,220.8747430283963,241.2965637039912,400.29544507492733,625.915508733177,

mixq_int4,30.660282987462885,58.83813920820281,112.53428803515726,221.09007948956756,240.9194241329089,417.8872620742637,624.6257398007799,

mixq_int4,32.61290936848126,59.22585844322468,112.96069998440242,222.4043465507903,242.80805496248755,428.6531384722673,629.4707176933931,

mixq_int4,33.950165162367156,58.95177277040738,112.60674302259706,221.29962008497688,241.30459719409703,336.6435536632455,589.8679223560201,

mixq_int4,31.00410334550347,58.99976181461808,116.31996254171823,228.4107810163608,264.1929093461616,360.9431906979203,606.1979555644991,

mixq_int4,31.425200088757407,59.12227649144363,116.96949327145843,227.90915738989546,253.97452345134593,432.49897617968554,637.5634276227044,

mixq_int4,31.546222817658848,59.48914224172448,117.43938099439916,228.43612147738443,253.33323000078627,433.57140113173335,642.9306568975015,

mixq_int4,35.13967391014794,59.031516052236036,116.49615956703383,223.42286423640795,250.30329925989193,335.9602260565273,589.8950492464382,

mixq_int4,31.313109263627748,59.82904337188009,123.04739461653591,235.43206606107003,264.8292668595243,343.5447784634582,644.3009328392469,

mixq_int4,30.2416900629284,57.70948514728829,109.11931583425954,209.86822927616626,234.2807879133909,385.9599860929496,599.9357072515643,

mixq_int4,33.03256641113516,53.18184016780623,115.29925603782894,220.78189110710304,242.7958537015093,318.08512915073845,604.0900221198605,

mixq_int4,31.36175737889123,54.419129282896314,99.50822635729584,192.07864554240592,210.20555714591512,293.06519709813443,552.0157696879373,

mixq_int4,28.82173260127808,53.22139218474526,96.95778476530562,183.04062984020734,200.73909569716983,329.62405881307046,524.2089376643487,

mixq_int4,30.67879143709242,65.23386553290733,139.91341302811676,287.49670040235014,321.0604319450026,453.25291293021843,628.8980254004233,

mixq_int4,30.569449799956523,65.63174466303887,144.7283661778044,324.3666853194415,321.90203212783496,451.2509938618356,627.7042957622019,

mixq_int4,33.078654743057044,61.986258329707866,129.19642140796276,281.51469803269487,333.0924914419117,463.39124768757245,660.3905168581692,

mixq_int4,30.45106954309566,59.40397751674246,135.57630307772067,234.15110873437763,265.8095202586126,448.89947315037756,626.0230925086252,

mixq_int4,31.091252441920734,61.89399670259666,150.79237964260594,256.92289940899553,291.87997627874114,458.9498419442405,655.5078869157661,

mixq_int4,31.343283339381347,60.24572985967607,140.76770120701622,290.63540862889965,308.0564613086432,457.1717634550352,638.2343460177879,

mixq_int4,31.31485543898773,61.584673247468196,150.21740182547302,331.19705175108925,313.71281370645704,458.7570473963471,656.8110073097088,

mixq_int4,29.424662470991013,61.76535275620383,125.76035959937752,332.6907778086015,332.9154183986476,449.069043949682,639.0317321187059,

mixq_int4,31.388501371026454,62.769492674600194,122.47633034553127,269.2904027779644,308.2085080331632,460.1104080707125,639.8283827964411,

mixq_int4,33.622473957630014,60.26622227137105,144.43656127919618,321.6424187513021,311.1012666849796,449.6451864868209,628.320385919209,

mixq_int4,31.279176959572915,61.91616193077721,149.45571611886274,314.28325189492415,350.82570352925745,468.0152393512613,664.6210958543716,

mixq_int4,34.704301144708836,60.58465922862902,140.9648268032856,288.6041092806548,306.61880946438873,460.8091801487225,641.9014412038401,

mixq_int4,31.33017520548769,59.98114873185739,147.3108625973436,285.1880348402859,330.1674826706594,460.9637301664307,641.8332284095263,

mixq_int4,30.67754479732065,60.034382717082906,143.1644073357489,322.3286471600251,327.1381820937565,455.3428435949325,626.2205174220584,

mixq_int4,33.144164539280524,59.87686251090695,120.13999079099686,309.1668531505911,323.42679541162767,460.77109632449924,641.884291921834,

mixq_int4,30.57032994658488,60.011821424469645,113.24639694758088,219.82263085721624,304.6132003231298,443.1810217762251,617.9048625121995,

mixq_int4,32.84529789763283,59.56747463193055,141.85476855566958,317.8404126994886,303.3093677429004,452.9900229852667,631.181690080907,

mixq_int4,34.571236029577754,59.64334352793972,113.8197174423431,322.36114192857735,321.85238162368483,446.24138049815724,622.8337313511906,

mixq_int4,30.242901436065065,59.509018532456906,116.82901273432486,224.61640174500678,330.12888239829357,459.6293488666441,638.6190024897967,

mixq_int4,30.391930335209594,58.65093548079851,128.1019813019386,298.97571413433786,305.943528409364,435.9642437742099,605.4350052715104,

mixq_int4,30.27746799934062,62.777727692239466,135.54959468468093,268.1650399945075,304.1410097813756,443.5942195464725,605.6845264144715,

mixq_int4,31.448617046702676,64.2953624159044,145.8135404148279,336.26771045667533,335.00696344475733,452.35549330645836,630.1909039284649,

mixq_int4,31.31460999122555,59.873459548190056,118.59856130931435,327.4137469614505,277.5579990802375,466.1393829464913,635.6873299103213,

mixq_int4,31.39237335902361,66.54740126879646,121.32265751627361,279.22641958397566,383.27197149008964,464.4299345265963,652.5919875882207,

mixq_int4,34.25545944700019,59.38463826998246,143.6109479816873,333.9746378825238,379.5172494486435,446.96587733971415,608.38235088014,

mixq_int4,30.543272547417132,59.554918210747964,112.30230735394565,266.7981719504667,380.74364347835154,450.6774577033576,617.518789551045,

mixq_int4,31.601961372633784,61.17068566019773,125.07922377961881,338.19097803585055,407.1418487391108,463.4919044299418,635.9148001050709,

mixq_int4,30.517606188567456,59.14733990295615,110.98348580185588,224.28711301892395,366.9836009399732,445.0969722311157,616.5773935286685,

mixq_int4,32.639180963904835,66.2576576033525,129.7751867298581,233.5138862476545,374.6825735222525,450.5160976769246,622.3252347120122,

mixq_int4,34.45048490241904,56.05096387981914,116.74916958098201,311.7770900720557,387.96677248846487,456.03638030946246,624.6048356052215,

mixq_int4,34.633403558565824,60.14249232629952,138.4729149521415,316.99132644466204,386.46639725041865,456.16209592552417,624.479441646388,

mixq_int4,31.619932331820948,62.276742442581046,142.05413553177988,256.55414786318016,389.758946455309,464.23498602961655,638.532171960919,

mixq_int4,35.124923722890955,60.62217185766561,142.82053180386828,320.56616211504655,403.6591924187823,466.86792806375416,637.945406698173,

mixq_int4,35.27805688527235,60.17863316113542,118.08313928270356,329.6141140067785,402.3427833022567,466.2364376591489,636.1051177255503,

mixq_int4,31.442243040352626,64.45928488027559,122.59372415953202,283.65327945796935,400.6726731506224,459.61069643814955,628.6794572759273,

mixq_int4,31.41914065294251,66.62498554418733,126.84221350593465,323.71223778587915,421.24931434418113,475.71301210215717,669.2378047029266,

mixq_int4,34.2025922212089,58.23265447856555,140.2505808278021,304.9210257318721,360.95607280870314,438.4334094122915,596.5767559003575,

mixq_int4,34.98465662745144,59.481330519503565,146.7743656141978,295.6927823468774,363.5725058648741,452.62405268464124,618.4822393203092,

mixq_int4,33.27775825967969,54.91313203037496,103.87682156663816,285.40844957731395,339.55642981546674,406.16326208709245,549.2695540297308,

mixq_int4,29.051729593956928,53.889299803320625,131.35966581278697,263.0940623607682,326.5615584280628,388.4352320121836,522.7228677957278,

