mixq_int8,16.981064258907175,35.4129563433928,87.18951298018807,195.23083449601313,231.6483287532344,306.44491579354104,299.85566546830376,367.5944745609847,358.9440369638939,400.59490439207843,

mixq_int8,16.214976644807184,36.90057627688787,71.32861208243288,139.69264476931568,147.9683143283269,298.58174323582034,289.6026186886034,347.55931517320255,354.435051597644,394.10354421350166,

mixq_int8,18.017873383156367,36.29084214152263,66.80103503948716,139.87165086350714,206.16282929664078,316.66262606525123,316.3631905786631,386.05373217475636,372.14462900966447,406.11304156489877,

mixq_int4,31.098609427048125,62.33124354180818,121.093198683783,238.14296512607174,279.4294510515047,474.9363917593923,532.4942039656718,654.3815509422525,640.6876152866486,713.6443092389508,

mixq_int4,31.057671198323163,62.30578056307282,120.7074363388861,246.97598712718286,304.477725032223,437.0735359761916,505.05541273297104,628.5384494949081,608.1472753299934,677.5713677647881,

mixq_int4,30.440442422903423,61.62933170621552,108.69409916144745,197.2835938164941,332.05406259716926,362.1300270574402,510.48489459753125,637.1184291872122,622.2098323859825,698.1002743279942,

