mixq_int4,14.636992666861996,29.029393239743545,52.74848546164198,124.99413023218642,285.32040808439024,247.6786061544035,374.76735520504474,

mixq_int4,13.970883531647768,27.475281081157092,51.96663920166759,125.6106161430765,270.8013779551872,244.33190513980793,370.2282490402746,

mixq_int4,14.575709809949364,28.98738621141474,52.45787551492694,104.73951424427133,286.4286839537624,252.2103173111124,373.5698179971411,

mixq_int4,14.012862719578777,27.798125509765658,55.802096263944655,129.25312545673927,286.8515945657024,252.0089276943696,374.7115535008759,

mixq_int4,13.315093504629509,26.199891026740172,56.704613632734144,115.18207742448722,254.6980321027744,245.83767537383918,373.1009031409401,

mixq_int4,14.631522521506952,28.995867992532094,52.6558528420018,110.62375616348578,281.696045581243,252.00401295829556,374.7504019767791,

mixq_int4,13.345617115784748,25.187543871686604,51.262114947178986,118.13051342720777,271.07085363574146,245.94635086358142,377.1835572813139,

mixq_int4,13.96032174218413,26.52833143778117,54.632192526957,106.34409875578623,270.34505648287393,245.42244100929562,377.5863664465932,

mixq_int4,13.285583399449855,25.130290923822376,50.160123609553025,130.2850976516492,270.5956911244617,246.38642961193412,376.1028589597348,

mixq_int4,13.950926949732555,27.6289372885874,57.21776621760846,114.57262595702409,274.4578704339115,246.2913792605666,372.5669316266017,

mixq_int4,13.355222786186983,26.55523070808161,52.68764329588848,115.29362819252349,252.49264054281994,253.99819822341604,377.8510411289762,

mixq_int4,13.304328378818514,26.412983574296508,52.02102474557649,114.10220002187548,282.9892644845924,250.77484201385593,373.7346415027488,

mixq_int4,14.563171399953925,27.848187370314122,51.4620660581033,111.21032841606862,269.81220970980024,245.4752612713679,375.1129978054444,

mixq_int4,13.831016509464403,26.523051708457462,51.2748670314378,115.7122377082964,270.63849570813994,243.90586240383777,377.6683169296678,

mixq_int4,13.311758637441809,26.46761190430352,52.757049119965394,118.41917762911062,281.5168689679132,248.58289391188973,375.05481865374577,

mixq_int4,13.198206236603477,26.067015269066026,51.869692910660554,126.18735990575698,268.9505064030387,242.80040133839387,370.60189445821413,

mixq_int4,13.332154271681956,25.373461559232474,50.28150685872567,127.37734706145562,274.4787545400797,243.6352053445999,367.01609219232057,

mixq_int4,13.246428688439817,25.313833380062434,50.1032935707799,107.17170920594413,270.6515258919266,244.86640042959388,368.1364544017829,

mixq_int4,13.254398298813323,25.840810038297466,51.560735989921,126.23902985210788,260.4430449128807,241.95439211137906,364.8458223218505,

mixq_int4,13.324825941207509,25.408433181972686,50.26744585580146,121.85453651480522,254.05820400162207,245.88152479118716,368.48627960009173,

mixq_int4,14.629773865164928,28.212351148152397,50.80391168928801,100.84335997226877,234.871738219347,243.71710080884588,368.56511036849656,

mixq_int4,14.595668225158049,29.182425096347274,53.68091246311795,120.55726311702509,281.30171694896546,248.94030403764646,374.96498561783403,

mixq_int4,14.57797185312206,28.066765754296924,51.27800140958627,109.21222562873754,272.6509355665878,246.27049974596747,366.60321348457586,

mixq_int4,13.32298849944228,26.722687851745217,52.93941906869801,115.78825813117429,280.1503442910959,253.14894937653952,373.7010027226481,

mixq_int4,13.289290323863666,25.423177482972317,50.220066037971016,125.41750290145822,263.2931968358583,246.58419652553147,368.0740017581872,

mixq_int4,13.324753721894837,25.838638138398935,51.753893037995525,127.30010221881459,265.9527358046964,241.82111196149853,369.55064245338735,

mixq_int4,14.599661715505285,28.529731438119242,51.36184719027746,117.98394243703602,247.30226980151758,241.67644044242326,366.20853634158686,

mixq_int4,13.220212315824767,25.913817264709884,56.683494926123835,115.49321583394004,259.89837829914273,243.51219095131577,370.021819976041,

mixq_int4,13.290517697014145,25.65389232937303,50.732315351528406,125.58904044449173,253.8659887397256,236.90802922060163,362.23401607006235,

mixq_int4,13.871375692967847,26.675600988282014,55.34208914868666,100.64471208120641,243.8554332170529,237.65549512466953,361.34151227862594,

mixq_int4,14.671546514304703,29.120479994845706,52.60322652363803,106.65061195551462,281.3858359204706,245.4918277076559,379.9166726217145,

mixq_int4,13.953941983203036,27.747901764449615,57.40684089867539,110.99240411923367,269.29586670437635,241.05410196238242,352.67898144839097,

