mixq_int8,21.476496057131236,42.68709983136824,75.3295500638496,162.57167193259235,179.03486147561011,280.51820650240535,381.8988881649959,

mixq_int8,20.550557048946608,40.60229942596493,75.54972723305009,162.47123488905805,206.45952018046268,273.1868850167873,376.30855499845666,

mixq_int8,23.377231977951567,45.91530939527666,79.9858087286619,159.1838944551874,165.86722113022822,295.60144652605396,419.4819846384727,

mixq_int8,21.44002438206809,42.69864804432241,75.0203426441175,163.73207070189048,204.4000871298676,278.17508691164267,378.1723046862299,

mixq_int8,20.800493812911512,40.88336596583412,80.10249795399817,159.02337127989432,228.0277546762256,320.0369025788823,418.98728543170694,

mixq_int8,19.084922418311958,42.56336149556442,76.3376313382418,144.55628584152797,150.35218820372364,260.21189271839984,373.33440292530656,

mixq_int8,23.99238322469585,47.3811202582612,80.07099349146615,158.7356894971003,169.65859150173227,318.96746256419055,418.206274935957,

mixq_int8,21.40976600504208,42.64911980266364,75.50533702629306,163.28573326076236,206.38038823937222,273.6159166720785,373.67307358497135,

mixq_int8,18.705627636825707,38.227148709347254,76.38300567810742,144.38488374458825,162.06470681609642,233.79960255769436,374.39054513636415,

mixq_int8,22.07388574027364,43.54459389256552,75.36451609603064,147.33933250648994,157.8023392544277,240.9393654117094,372.3117420467993,

mixq_int8,22.249878550595948,43.80736797639709,80.12743564107582,158.4128919612198,166.1940099815711,283.2822809825315,419.1658746142102,

mixq_int8,20.92442068430422,42.57256212600175,76.36671616008587,158.340907738752,165.5710612575652,269.50078189468394,374.5893637476507,

mixq_int8,21.611809789555203,43.72077535984819,76.03478454427471,143.360972266169,207.77166870252358,270.77120848396436,373.3510372820964,

mixq_int8,20.531536800639206,40.75517745399212,75.38866089464476,162.8252867960378,179.76212672868775,294.0524326593076,382.1960350775146,

mixq_int8,19.99572841888111,40.50662980527141,76.41747475447232,147.65691371458485,193.644706289542,259.5056738865653,372.60755698243025,

mixq_int8,19.359087264267547,38.353182133290694,74.9786818967099,146.5733151841141,156.58042864847934,243.52959379768942,378.1238675024038,

mixq_int8,21.494207347655845,42.64851738310692,74.94115914242137,158.96491504370914,208.48204319859167,268.47881085293795,370.8096967070721,

mixq_int8,19.12918464698248,38.47344749433218,74.92423904640016,148.2257175780397,149.66380928579875,268.1403029980959,372.8706569181353,

mixq_int8,19.31102237313102,37.79371052947229,74.84414512297718,149.36672266794662,151.73674718644014,253.5931209707013,374.4894914073621,

mixq_int8,21.347291538988905,42.553285806375,74.76897292771189,161.58711359898345,192.09035478622482,273.71780404589913,373.22232364209026,

mixq_int8,21.332151891754762,42.79610895507749,74.71323221113938,162.53696503563157,193.51710187394897,277.2765729424426,372.26957468480197,

mixq_int8,19.29388135542033,38.06592011098331,75.00276592676359,163.7288159818817,192.3059472009324,275.29363199341293,373.2609568084011,

mixq_int8,19.284008551114486,38.12830328794993,75.06068149825218,148.60012896538024,155.36284115782865,240.1375570996355,372.57700956566555,

mixq_int8,19.22359673423215,38.015158847691886,76.43984806066351,148.39299663966943,153.76110633925984,241.85198151272283,376.9767716631603,

mixq_int8,19.338607310082086,38.38948848878268,74.9897911360189,165.83450634727612,169.79420451340238,277.2413609440638,375.5092864002275,

mixq_int8,19.136554694033894,38.36692297596776,74.64982313626454,148.5426284225233,156.2172205512153,246.36699503128355,370.19660663092174,

mixq_int8,19.291942111918114,37.85773463355533,74.6879787304134,164.42773007498923,168.5289015735852,273.6409175335816,375.0776804336442,

mixq_int8,19.1416492256729,38.518888972839605,75.029226943456,159.79808774172156,164.0095085381423,277.3262269103375,373.90854913676753,

mixq_int8,19.131883129983997,38.33065917922667,74.96050511972332,147.65823719598518,149.47688163438352,254.92822531460547,374.8338492455752,

mixq_int8,19.12535642083379,38.353117202515946,74.81206884464622,147.4959703068144,189.97933691869494,286.8572136186961,387.05084222358545,

mixq_int8,21.358081451982102,42.820098708120746,74.87111286284629,147.9173988978286,208.10802233271184,277.4059408582352,370.8573189636616,

mixq_int8,19.276803362671828,38.17338308129809,74.80552104910308,164.61311257099692,181.20072819546613,271.7384868685521,374.9939434359071,

mixq_int8,19.232672731538628,38.17322231810982,74.18076354218879,163.7523426895089,185.73068321879956,273.213040647173,373.4359684257187,

mixq_int8,19.23889703056867,38.087748714519236,74.5512305937133,148.87594309440732,152.8921442970257,265.8352913524059,372.46767737994037,

mixq_int8,19.292977421451496,37.7393954153312,73.80091207623835,148.42934266384475,160.9053025214977,237.10881526880416,366.9420739758349,

mixq_int8,19.230272212692007,38.07199897894657,74.44017331536163,162.58903229869784,190.18841808185329,264.572404984287,366.1048367184334,

mixq_int8,21.326387162494235,42.27047950649236,72.80303177630135,148.4972207216026,190.4717147215056,256.7096263613573,366.89925803349314,

mixq_int8,19.22421674691704,37.60264968215615,73.27669962952409,144.76058846902603,149.188397437933,265.5650912014887,370.3275010814365,

mixq_int8,18.984589310046616,36.8336051526144,69.89670695043165,139.80236666732802,153.23012484307748,267.0603918664769,355.81367516240846,

mixq_int8,18.631858821476666,34.85651652049439,64.42744162678143,126.42869072239728,129.5173972611843,238.67513965050193,328.70057534473375,

